390
408
322
279
182
275
171
449
398
498
44
495
80
325
448
470
205
418
307
133
157
387
62
18
373
339
501
376
214
21
246
43
518
308
481
30
320
206
522
399
319
266
315
10
123
413
203
150
497
207
96
178
384
12
432
270
56
269
251
120
52
494
53
106
188
83
324
262
84
405
39
352
355
267
493
419
139
216
359
41
258
28
166
132
237
360
232
61
385
42
58
414
291
289
116
187
77
252
253
370
54
444
202
130
492
400
447
428
146
36
165
50
152
264
281
29
331
350
423
468
147
336
455
70
55
198
490
153
134
356
244
72
521
464
323
196
304
271
346
500
19
462
489
466
118
446
517
161
158
230
334
348
303
457
472
482
215
306
121
283
485
395
503
451
452
263
294
282
479
343
302
353
37
442
488
403
194
6
427
507
3
76
268
249
57
46
193
66
218
351
363
179
357
243
231
298
242
4
114
431
425
177
313
382
338
483
296
169
74
424
103
136
437
420
156
396
201
221
24
326
330
409
502
265
528
342
168
235
317
65
167
89
364
141
463
49
361
107
443
430
233
421
277
467
345
491
410
434
68
180
458
506
504
15
236
11
238
200
312
174
257
229
441
512
9
380
110
278
149
328
25
224
407
211
406
520
371
129
119
344
401
128
181
369
293
16
14
204
499
524
20
175
461
34
162
310
17
35
527
195
515
93
260
164
137
208
440
332
433
245
321
379
478
426
460
228
386
67
138
112
450
122
508
402
415
163
314
297
280
239
140
225
259
341
372
172
287
480
305
23
273
374
227
416
459
8
135
47
210
85
60
82
329
272
13
113
184
38
111
261
327
388
219
383
523
292
115
311
445
475
124
126
125
301
142
349
422
366
51
516
234
318
316
389
381
473
220
487
2
476
299
454
154
199
64
217
183
160
223
241
90
367
63
127
98
240
435
284
286
300
148
59
101
393
362
191
525
429
151
438
92
411
378
358
33
190
170
