322
279
97
94
182
514
275
171
449
44
584
495
80
325
448
470
205
418
102
133
387
541
71
373
339
594
376
214
474
545
553
43
518
486
308
481
30
320
206
522
399
319
266
572
315
509
123
548
413
203
150
497
96
582
384
79
484
432
270
274
269
251
540
120
494
53
106
544
397
22
439
262
405
352
355
267
493
419
139
505
216
542
359
41
577
258
28
132
237
360
232
61
385
532
285
104
565
414
291
289
116
469
252
54
444
563
202
109
130
492
86
447
428
36
165
152
264
583
29
569
331
412
365
350
578
423
468
377
534
147
455
354
70
143
55
198
153
134
356
72
521
531
185
436
464
392
323
196
276
304
155
271
31
346
500
19
212
462
489
466
118
517
161
158
230
26
334
348
543
457
472
482
215
306
511
121
485
347
585
95
503
451
453
588
263
294
519
479
343
513
302
353
533
37
570
192
442
510
403
194
427
507
213
456
581
76
268
249
145
57
562
69
46
193
537
66
598
566
546
87
363
600
159
243
576
231
298
242
4
114
431
592
425
177
313
382
593
290
338
483
296
424
136
437
420
156
396
201
221
24
391
330
409
502
556
597
564
528
342
168
100
235
317
65
167
89
141
417
463
49
361
107
254
443
430
536
233
421
99
277
467
599
434
68
180
506
504
15
236
11
238
200
312
174
229
441
512
9
255
380
110
295
278
149
328
25
407
211
189
520
371
129
580
119
558
471
209
401
256
477
181
293
16
14
204
499
586
524
20
175
162
573
81
310
5
91
17
539
35
527
195
515
547
93
173
260
164
137
208
332
433
321
549
478
426
496
460
228
386
67
333
138
450
122
48
508
415
163
27
554
314
297
280
589
552
140
259
172
287
480
305
23
273
335
374
227
416
135
47
557
210
248
82
329
272
13
113
595
184
555
38
526
111
32
261
327
388
219
383
309
523
337
292
311
117
144
404
568
475
126
465
125
73
142
247
349
108
575
366
516
234
318
535
316
389
381
571
473
78
220
487
75
2
476
299
454
154
199
64
217
596
183
160
223
241
90
367
63
559
127
226
98
590
131
284
286
300
148
59
101
45
393
362
525
429
151
591
438
92
411
378
358
33
190
170
