142
211
165
294
29
157
248
5
283
80
183
131
258
179
147
110
71
287
264
89
190
88
115
235
238
78
218
129
255
77
273
291
252
50
104
72
239
164
186
2
40
224
4
215
35
11
173
45
275
30
13
62
221
198
100
47
91
168
214
230
85
149
153
126
123
139
191
51
39
31
286
103
175
21
101
276
86
98
20
70
242
68
223
3
241
176
96
233
220
243
197
265
114
93
185
23
99
293
253
161
138
82
193
166
94
124
92
155
136
141
55
267
73
134
105
209
184
27
201
49
154
245
156
67
226
194
180
84
132
18
171
108
244
9
188
26
269
140
169
281
16
251
59
277
234
12
148
219
102
192
285
75
69
203
17
240
254
177
199
113
8
146
97
106
205
43
56
212
225
236
272
187
167
181
79
271
25
42
10
32
64
216
228
263
237
222
34
204
289
158
208
53
250
172
200
163
130
135
81
57
83
107
74
189
122
268
7
290
207
24
195
95
170
266
41
128
151
162
33
280
112
137
116
150
178
270
182
36
232
14
58
61
66
279
